# Fix print output for fix result_iterate
0 300.000000000001
10 275.501535702783
20 215.101228450188
30 149.569928133522
40 107.464301222242
50 97.4595270419733
60 107.921590869925
70 121.358827411169
80 128.91300532349
90 133.752411704232
100 143.561600528666
100 143.561600528666
110 160.254960296624
120 176.954266564653
130 184.03544337455
140 177.860021987278
150 164.462918059599
160 155.248459027381
170 158.320398325919
180 172.31511303698
190 188.055357011123
200 196.548224116114
200 196.548224116114
210 195.672602076901
220 190.860643330023
230 189.161436092587
240 192.694195979394
250 197.801016602417
260 199.621922475866
270 197.221442759194
280 194.61516368344
290 197.223603206867
300 206.97442238904
300 206.97442238904
310 219.908374347994
320 229.274804931839
330 230.790221041874
340 225.608573044632
350 219.174194257436
360 217.008460636719
370 221.027202709812
380 228.802011689817
390 236.103768537781
400 240.684998925916
400 240.684998925916
410 243.404470725112
420 246.792639927412
430 251.867924466634
440 256.902911806118
450 259.72847156074
460 260.196912521728
470 260.424568966223
480 263.00203589837
490 269.004475101549
500 277.152762018459
500 277.152762018459
510 283.99028996216
520 286.749688656395
530 285.475924393534
540 282.776366173021
550 282.204804204291
560 285.39043426353
570 290.854436141374
580 295.981144133432
590 299.681580119262
600 302.850519329143
600 302.850519329143
610 306.187396352219
620 309.708546374041
630 312.928528590823
640 315.430945011135
650 317.888111781128
660 321.188455169777
670 325.349286201319
680 329.490726451012
690 332.699887401826
700 335.204469570996
700 335.204469570996
710 337.546819254782
720 340.23812676706
730 342.974642912024
740 344.387092112442
750 344.063672813081
760 343.147964515534
770 343.253601984404
780 345.235191573602
790 348.592582943899
800 352.157135927589
800 352.157135927589
810 354.541279973431
820 355.479056847457
830 355.557383284901
840 355.273385689583
850 355.976923424506
860 358.960659194568
870 363.656765671096
880 367.836289821815
890 369.704072319088
900 369.612810168811
900 369.612810168811
910 368.663532634741
920 367.890625722395
930 367.533595036475
940 366.595689721791
950 364.864683134723
960 363.383293227324
970 363.130450735411
980 364.22394294038
990 366.334659170807
1000 368.856105248131
