# Chunk-averaged data for fix 2 and group all
# Timestep Number-of-chunks Total-count
# Chunk Coord1 Ncount v_temp
250 20 6400
  1 0.025 327.98 355.646
  2 0.075 327.38 358.587
  3 0.125 331 355.451
  4 0.175 325.14 337.518
  5 0.225 320.5 316.699
  6 0.275 320 310.34
  7 0.325 316.14 294.23
  8 0.375 293.4 304.122
  9 0.425 318.46 309.394
  10 0.475 320 296.927
  11 0.525 320 296.496
  12 0.575 320 294.12
  13 0.625 308.32 285.115
  14 0.675 299.8 303.085
  15 0.725 319.88 316.68
  16 0.775 320 335.677
  17 0.825 322.72 342.435
  18 0.875 330.42 335.233
  19 0.925 332.44 318.992
  20 0.975 326.42 343.627
500 20 6400
  1 0.025 320 358.536
  2 0.075 320.12 376.126
  3 0.125 319.88 358.31
  4 0.175 320 342.595
  5 0.225 320 333.109
  6 0.275 320 357.887
  7 0.325 320 356.529
  8 0.375 320 331.603
  9 0.425 320 355.366
  10 0.475 320 320.142
  11 0.525 320 326.215
  12 0.575 320 345.229
  13 0.625 320 319.791
  14 0.675 320 337.094
  15 0.725 320 347.284
  16 0.775 320 367.114
  17 0.825 320 331.951
  18 0.875 320 326.996
  19 0.925 320 313.566
  20 0.975 320 332.366
750 20 6400
  1 0.025 320 353.207
  2 0.075 320 391.598
  3 0.125 320 379.762
  4 0.175 316.92 341.216
  5 0.225 321.04 334.471
  6 0.275 321.22 350.531
  7 0.325 319.7 364.156
  8 0.375 321.02 352.366
  9 0.425 320.1 335.871
  10 0.475 320 344.827
  11 0.525 320 337.409
  12 0.575 320 333.986
  13 0.625 320 325.247
  14 0.675 320 350.336
  15 0.725 320 339.56
  16 0.775 320 350.237
  17 0.825 320 331.328
  18 0.875 320 323.257
  19 0.925 320 295.249
  20 0.975 320 318.611
1000 20 6400
  1 0.025 320 360.129
  2 0.075 320 388.202
  3 0.125 320 376.733
  4 0.175 320 362.209
  5 0.225 320 360.394
  6 0.275 320 343.832
  7 0.325 320 355.005
  8 0.375 320 337.219
  9 0.425 320 342.553
  10 0.475 320 355.867
  11 0.525 320 338.153
  12 0.575 320 328.974
  13 0.625 320 332.464
  14 0.675 320 352.662
  15 0.725 320 328.873
  16 0.775 320 336.482
  17 0.825 320 331.373
  18 0.875 320 309.317
  19 0.925 320 282.656
  20 0.975 320 288.1
1250 20 6400
  1 0.025 320 383.953
  2 0.075 320 407.876
  3 0.125 320 398.857
  4 0.175 320 365.898
  5 0.225 320 359.349
  6 0.275 319.94 355.245
  7 0.325 318.6 348.068
  8 0.375 321.42 337.728
  9 0.425 320.04 355.437
  10 0.475 320 341.978
  11 0.525 320 341.514
  12 0.575 320 339.326
  13 0.625 320 331.328
  14 0.675 320 330.296
  15 0.725 320 324.88
  16 0.775 320 323.845
  17 0.825 320 320.455
  18 0.875 320 302.421
  19 0.925 320 292.536
  20 0.975 320 298.411
1500 20 6400
  1 0.025 320.02 416.021
  2 0.075 319.98 383.989
  3 0.125 320 418.087
  4 0.175 320 372.895
  5 0.225 320 365.107
  6 0.275 320 351.464
  7 0.325 320 354.726
  8 0.375 320 323.764
  9 0.425 320 290.862
  10 0.475 320 311.517
  11 0.525 317.96 308.294
  12 0.575 290.32 301.087
  13 0.625 319.72 291.645
  14 0.675 320 311.243
  15 0.725 320.02 331.846
  16 0.775 320.36 341.517
  17 0.825 319.9 317.26
  18 0.875 323.04 302.794
  19 0.925 343.62 273.241
  20 0.975 325.06 286.005
1750 20 6400
  1 0.025 325.42 420.94
  2 0.075 325.98 398.147
  3 0.125 310.98 345.832
  4 0.175 317.62 349.988
  5 0.225 320 328.065
  6 0.275 320 316.513
  7 0.325 320 311.847
  8 0.375 320 303.873
  9 0.425 320 294.743
  10 0.475 320 306.274
  11 0.525 317.82 302.069
  12 0.575 298.36 287.468
  13 0.625 312.32 289.887
  14 0.675 319.5 292.301
  15 0.725 320.08 286.443
  16 0.775 319.92 281.392
  17 0.825 320 279.83
  18 0.875 320 250.364
  19 0.925 324.34 254.551
  20 0.975 347.66 283.713
2000 20 6400
  1 0.025 334.26 412.088
  2 0.075 324.72 417.92
  3 0.125 319.16 389.627
  4 0.175 306.92 345.199
  5 0.225 314.94 334.477
  6 0.275 320 305.132
  7 0.325 320 302.46
  8 0.375 320 309.41
  9 0.425 320 304.698
  10 0.475 320 301.525
  11 0.525 319.6 290.337
  12 0.575 306.66 288.418
  13 0.625 302.68 297.834
  14 0.675 319.06 291.179
  15 0.725 320 282.574
  16 0.775 320 279.377
  17 0.825 320 263.18
  18 0.875 320 249.245
  19 0.925 320 240.88
  20 0.975 352 268.548
2250 20 6400
  1 0.025 320.1 411.548
  2 0.075 319.9 430.376
  3 0.125 320 440.955
  4 0.175 320 398.166
  5 0.225 320 361.864
  6 0.275 320 345.119
  7 0.325 320 362.861
  8 0.375 320 330.958
  9 0.425 320 317.273
  10 0.475 320 286.659
  11 0.525 310.92 294.883
  12 0.575 297.36 306.378
  13 0.625 319.74 315.018
  14 0.675 319.98 329.838
  15 0.725 320 312.044
  16 0.775 320 305.536
  17 0.825 320 283.701
  18 0.875 322.96 276.146
  19 0.925 343.02 253.921
  20 0.975 326.02 257.065
2500 20 6400
  1 0.025 320 415.468
  2 0.075 320 442.058
  3 0.125 320 420.243
  4 0.175 319.68 416.02
  5 0.225 309.8 385.842
  6 0.275 302.24 371.997
  7 0.325 316.6 356.436
  8 0.375 323.64 343.366
  9 0.425 339 358.31
  10 0.475 328.96 330.768
  11 0.525 319.92 318.057
  12 0.575 320.16 347.983
  13 0.625 320 332.314
  14 0.675 320 322.161
  15 0.725 320 314.886
  16 0.775 320 306.421
  17 0.825 320 288.53
  18 0.875 319.94 274.114
  19 0.925 319.5 242.589
  20 0.975 320.56 258.251
